1.000000000 0.000000000 -0.000000001 0.000000000 0.000000000 1.000000000 -0.000000000 0.000000001 -0.000000001 -0.000000000 1.000000000 -0.000000001
1.000000000 0.000008444 0.000021733 0.000044283 -0.000008445 1.000000000 0.000022854 -0.000030075 -0.000021735 -0.000022855 1.000000000 0.000108050
1.000000000 0.000116561 0.000033222 0.000025321 -0.000116561 1.000000000 0.000005287 0.000008462 -0.000033223 -0.000005292 1.000000000 0.000140236
1.000000000 0.000172305 0.000094785 0.000198591 -0.000172297 1.000000000 -0.000077222 0.000266150 -0.000094800 0.000077205 1.000000000 0.000295480
0.999999881 0.000014378 0.000520421 0.000011057 -0.000014336 1.000000000 -0.000080810 0.000003473 -0.000520424 0.000080802 0.999999881 0.000275298
0.999999881 0.000313192 0.000334442 -0.000014748 -0.000313225 0.999999940 0.000097267 -0.000019301 -0.000334413 -0.000097373 0.999999940 0.000219391
0.999999762 0.000268139 0.000651216 -0.000223862 -0.000268513 0.999999821 0.000574384 -0.000850847 -0.000651064 -0.000574559 0.999999642 0.000625544
0.999999940 0.000149270 0.000315010 -0.000067162 -0.000149374 0.999999940 0.000330406 -0.000452327 -0.000314963 -0.000330453 0.999999881 0.000419978
1.000000000 -0.000067348 0.000143334 -0.000043544 0.000067338 1.000000000 0.000066522 -0.000037970 -0.000143340 -0.000066513 1.000000000 0.000088701
0.999999881 0.000226700 0.000475070 0.000116239 -0.000226713 1.000000000 0.000027007 -0.000020388 -0.000475066 -0.000027116 0.999999881 0.000545102
0.999999166 -0.000115390 0.001286906 -0.001080143 0.000115837 0.999999940 -0.000346798 0.000564224 -0.001286868 0.000346946 0.999999106 -0.000018168
0.999999642 -0.000576762 0.000568540 0.000230653 0.000576830 0.999999821 -0.000118713 -0.000534026 -0.000568473 0.000119040 0.999999821 0.000262819
0.999999642 -0.000518503 -0.000624475 -0.000705749 0.000517991 0.999999523 -0.000820591 0.001246119 0.000624898 0.000820266 0.999999464 0.000465130
0.999999762 -0.000493231 -0.000528133 -0.000292517 0.000493425 0.999999821 0.000366662 -0.000198746 0.000527950 -0.000366923 0.999999821 -0.000226266
0.999999762 -0.000574992 -0.000296977 -0.000118860 0.000575190 0.999999642 0.000664832 -0.000286787 0.000296593 -0.000665004 0.999999762 0.000383724
0.999999881 -0.000304373 -0.000331833 0.000267898 0.000304704 0.999999464 0.000999896 -0.000489294 0.000331527 -0.000999998 0.999999464 -0.000060508
1.000000000 -0.000171896 0.000010821 -0.000441179 0.000171894 1.000000000 0.000150806 0.000735734 -0.000010849 -0.000150805 1.000000000 0.000255843
0.999999702 -0.000446894 -0.000651315 0.000717619 0.000447448 0.999999523 0.000849766 -0.000509991 0.000650933 -0.000850058 0.999999404 0.000331412
0.999999940 0.000366900 -0.000057801 -0.000239596 -0.000366890 0.999999940 0.000167681 0.000101676 0.000057861 -0.000167661 1.000000000 0.000258380
1.000000000 0.000006996 -0.000160519 0.000029796 -0.000006972 1.000000000 0.000144377 -0.000309484 0.000160518 -0.000144377 1.000000000 -0.000287244
1.000000000 0.000065923 0.000160732 -0.000033465 -0.000065921 1.000000000 -0.000007967 -0.000000049 -0.000160735 0.000007956 1.000000000 0.000015183
0.999999940 0.000250999 0.000205950 -0.000073040 -0.000250943 0.999999940 -0.000271991 0.000486225 -0.000206021 0.000271938 0.999999940 0.000131266
1.000000000 0.000136681 0.000163358 0.000000143 -0.000136678 1.000000000 -0.000016647 -0.000001934 -0.000163362 0.000016623 1.000000000 0.000110014
0.999999940 0.000186339 0.000196608 -0.000054715 -0.000186307 0.999999940 -0.000163584 0.000233940 -0.000196640 0.000163546 0.999999940 0.000207773
1.000000000 0.000038509 0.000098407 -0.000027841 -0.000038502 1.000000000 -0.000067941 -0.000014447 -0.000098411 0.000067936 1.000000000 0.000099067
1.000000000 0.000034267 0.000225596 -0.000306721 -0.000034298 1.000000000 0.000136351 -0.000274054 -0.000225593 -0.000136359 0.999999940 0.000068331
0.999999940 0.000253240 0.000282826 -0.000588040 -0.000253269 0.999999940 0.000103319 -0.000112703 -0.000282801 -0.000103391 0.999999940 0.000289641
1.000000000 0.000005034 0.000028661 0.000094846 -0.000005029 1.000000000 -0.000181603 0.000243583 -0.000028664 0.000181602 1.000000000 0.000184199
1.000000000 0.000030889 0.000141302 -0.000355075 -0.000030913 1.000000000 0.000171469 -0.000348763 -0.000141299 -0.000171475 1.000000000 0.000228629
1.000000000 0.000036355 0.000041483 0.000037740 -0.000036347 1.000000000 -0.000188791 0.000360046 -0.000041492 0.000188789 1.000000000 0.000243959
1.000000000 -0.000044909 0.000062314 -0.000015920 0.000044911 1.000000000 -0.000038864 0.000006405 -0.000062314 0.000038866 1.000000000 0.000059498
1.000000000 0.000034854 -0.000010787 0.000093816 -0.000034856 1.000000000 -0.000170372 0.000391969 0.000010779 0.000170372 1.000000000 0.000056051
1.000000000 -0.000003513 0.000043593 -0.000019031 0.000003514 1.000000000 -0.000001216 0.000005508 -0.000043595 0.000001215 1.000000000 0.000001921
1.000000000 -0.000099998 0.000015767 -0.000034118 0.000099998 1.000000000 -0.000015204 0.000009668 -0.000015767 0.000015204 1.000000000 -0.000005958
0.999999940 0.000343664 -0.000119769 0.000028528 -0.000343689 0.999999940 -0.000212742 -0.000042654 0.000119694 0.000212782 1.000000000 -0.000096232
0.999999881 0.000366360 0.000247068 -0.000495460 -0.000366062 0.999999225 -0.001206316 -0.001119856 -0.000247512 0.001206224 0.999999225 -0.000157817
1.000000000 0.000013943 0.000144823 0.000045300 -0.000013701 0.999998629 -0.001671430 -0.000684888 -0.000144848 0.001671427 0.999998569 -0.000153367
0.999999940 0.000112699 0.000297415 -0.000664749 -0.000112375 0.999999404 -0.001088292 -0.000942565 -0.000297539 0.001088257 0.999999344 -0.000383355
0.999999940 -0.000390875 -0.000084051 0.000205023 0.000390808 0.999999583 -0.000797656 -0.000463043 0.000084361 0.000797623 0.999999702 0.000010067
1.000000000 0.000007484 0.000089553 0.000005504 -0.000007457 0.999999940 -0.000300764 -0.001113178 -0.000089557 0.000300763 0.999999940 -0.000073265
0.999999821 0.000381015 0.000467414 -0.001291767 -0.000380833 0.999999881 -0.000389384 -0.000163796 -0.000467564 0.000389205 0.999999821 -0.000006667
1.000000000 0.000147285 0.000084532 -0.000518805 -0.000147258 0.999999940 -0.000323414 -0.000350966 -0.000084581 0.000323401 0.999999940 -0.000258543
1.000000000 0.000082762 -0.000078133 -0.000174572 -0.000082750 1.000000000 0.000154865 -0.001317033 0.000078144 -0.000154860 1.000000000 -0.000361010
1.000000000 0.000070453 0.000009717 -0.000230624 -0.000070444 0.999999523 -0.000969764 -0.000938213 -0.000009787 0.000969762 0.999999523 0.000168848
0.999999940 0.000245013 0.000232928 -0.000289317 -0.000244951 0.999999940 -0.000263694 -0.002072697 -0.000232995 0.000263636 0.999999940 -0.000153538
1.000000000 -0.000016573 0.000179463 -0.000292303 0.000016564 1.000000000 0.000051298 -0.001567031 -0.000179466 -0.000051296 1.000000000 -0.000153501
0.999999881 0.000332863 0.000289609 -0.000535628 -0.000332656 0.999999702 -0.000714427 -0.000426272 -0.000289849 0.000714329 0.999999702 0.000082905
1.000000000 0.000038069 -0.000125798 -0.000062374 -0.000038120 0.999999940 -0.000405768 -0.001754985 0.000125781 0.000405772 0.999999881 -0.000599469
1.000000000 0.000128150 0.000125729 -0.000577079 -0.000128113 0.999999940 -0.000295426 -0.002319318 -0.000125768 0.000295409 0.999999940 -0.000535298
0.999999881 -0.000012495 -0.000442264 0.000690678 0.000011761 0.999998629 -0.001660674 -0.001403081 0.000442282 0.001660668 0.999998510 -0.000764008
0.999999940 -0.000073042 -0.000301934 0.000437436 0.000072425 0.999997914 -0.002045474 -0.001738569 0.000302081 0.002045451 0.999997854 -0.000621052
1.000000000 0.000034019 0.000029030 -0.000345415 -0.000033956 0.999997675 -0.002145733 -0.000903888 -0.000029105 0.002145731 0.999997675 -0.000522948
0.999999881 -0.000153371 -0.000508817 0.000776257 0.000152272 0.999997675 -0.002160287 -0.001508388 0.000509146 0.002160209 0.999997556 -0.000833826
0.999999821 -0.000411630 -0.000363234 0.000079848 0.000410821 0.999997437 -0.002224795 -0.001284749 0.000364147 0.002224644 0.999997437 -0.000764658
1.000000000 -0.000042020 -0.000233755 0.000366010 0.000041668 0.999998868 -0.001506063 -0.002188719 0.000233816 0.001506052 0.999998868 -0.000750784
0.999999940 0.000364676 0.000003940 0.000253447 -0.000364668 0.999998271 -0.001817144 -0.000988221 -0.000004605 0.001817142 0.999998331 -0.000202431
0.999999940 -0.000105614 -0.000322736 0.000630200 0.000105054 0.999998510 -0.001734038 -0.001838793 0.000322917 0.001734003 0.999998450 -0.000998470
0.999999881 -0.000352271 -0.000290538 0.000212544 0.000351779 0.999998510 -0.001690643 -0.001964218 0.000291131 0.001690540 0.999998510 -0.000763613
1.000000000 0.000094309 -0.000039826 -0.000318563 -0.000094388 0.999998033 -0.001987658 -0.002512191 0.000039636 0.001987661 0.999998033 -0.000795746
0.999999642 -0.000807344 -0.000279339 -0.000301871 0.000806647 0.999996603 -0.002487390 -0.001283244 0.000281345 0.002487163 0.999996841 -0.000443718
0.999999642 -0.000718472 -0.000487095 -0.000159460 0.000717519 0.999997854 -0.001953829 -0.002555135 0.000488496 0.001953478 0.999997973 -0.000994877
0.999999940 0.000070432 -0.000364889 -0.000104231 -0.000071293 0.999997199 -0.002360312 -0.002476808 0.000364720 0.002360337 0.999997139 -0.000997556
0.999999344 -0.001144827 -0.000216392 -0.001051382 0.001144314 0.999996543 -0.002357813 -0.000925133 0.000219089 0.002357563 0.999997199 -0.000998323
0.999999583 -0.000827379 -0.000376598 -0.000463010 0.000826259 0.999995291 -0.002965395 -0.001579522 0.000379047 0.002965081 0.999995530 -0.000666294
0.999999166 -0.001162735 -0.000605472 -0.000413125 0.001161797 0.999998152 -0.001548320 -0.003446997 0.000607269 0.001547615 0.999998629 -0.000707427
0.999999702 -0.000585936 -0.000497633 0.000420308 0.000584094 0.999993026 -0.003695679 -0.001379155 0.000499793 0.003695386 0.999993026 -0.000661872
0.999998987 -0.001277086 -0.000658725 -0.000007711 0.001275135 0.999994814 -0.002954956 -0.001582004 0.000662494 0.002954112 0.999995410 -0.000489560
0.999999762 -0.000644844 -0.000064734 -0.000080763 0.000644604 0.999993145 -0.003640585 -0.002803860 0.000067079 0.003640542 0.999993384 -0.001116506
0.999998271 -0.001497258 0.001126774 0.000639340 0.001502128 0.999989510 -0.004333739 -0.003427204 -0.001120275 0.004335423 0.999989986 -0.000999484
0.999991536 -0.001594185 0.003797087 -0.000191736 0.001616313 0.999981701 -0.005831385 -0.004068027 -0.003787723 0.005837473 0.999975801 -0.001035518
0.999974608 -0.002999024 0.006468331 -0.001000282 0.003057854 0.999953866 -0.009104481 -0.007357571 -0.006440730 0.009124028 0.999937654 0.000065394
0.999963045 -0.004581816 0.007278338 -0.000665550 0.004685446 0.999886990 -0.014285470 -0.009286094 -0.007212064 0.014319045 0.999871492 0.002984978
0.999911129 -0.010383840 0.008364560 -0.001535217 0.010662983 0.999363244 -0.034049250 -0.021077590 -0.008005674 0.034135412 0.999385178 0.009819418
0.999903679 -0.009438114 0.010175017 -0.003899768 0.009830318 0.999182582 -0.039210901 -0.028754208 -0.009796625 0.039307151 0.999179125 0.012820451
0.999799550 -0.018141320 0.008469916 -0.007585076 0.018555213 0.998492539 -0.051655654 -0.056519151 -0.007520048 0.051802460 0.998629034 0.018843073
0.999764979 -0.020082306 0.008164190 -0.011330895 0.020519391 0.998132288 -0.057540368 -0.074551880 -0.006993400 0.057694368 0.998309791 0.022018155
0.999715805 -0.023122760 0.005803952 -0.013184786 0.023462100 0.997443020 -0.067505531 -0.112996951 -0.004228199 0.067622520 0.997702003 0.024709854
0.999730766 -0.022378182 0.006136945 -0.014596855 0.022751147 0.997318864 -0.069551967 -0.133008838 -0.004564046 0.069672860 0.997559428 0.025433116
0.999783278 -0.019569028 0.007104416 -0.017080987 0.020021562 0.997311354 -0.070492469 -0.158910185 -0.005705847 0.070619434 0.997487009 0.030322751
0.999799550 -0.018627582 0.007342202 -0.018440403 0.019092543 0.997407317 -0.069383636 -0.169060037 -0.006030718 0.069509909 0.997563004 0.034517866
0.999819696 -0.017443389 0.007503301 -0.019333953 0.017922385 0.997429013 -0.069384210 -0.168181404 -0.006273716 0.069506176 0.997561812 0.040607199
0.999862432 -0.014535076 0.007987732 -0.022866385 0.015042464 0.997596741 -0.067635059 -0.160600215 -0.006985456 0.067745909 0.997678161 0.053097069
0.999857962 -0.015252373 0.007174156 -0.022236221 0.015681578 0.997816503 -0.064158119 -0.160046384 -0.006179930 0.064261504 0.997913957 0.059421949
0.999809027 -0.018622577 0.005922438 -0.024877207 0.018950582 0.997943163 -0.061239827 -0.158184096 -0.004769815 0.061340369 0.998105526 0.069524556
0.999807954 -0.018777110 0.005613734 -0.026493803 0.019071719 0.998129487 -0.058084052 -0.159626052 -0.004512585 0.058179960 0.998295903 0.072702661
0.999831975 -0.017658537 0.004924638 -0.026806325 0.017914148 0.998162746 -0.057880972 -0.161083534 -0.003893499 0.057959463 0.998311341 0.078131191
0.999827147 -0.017974192 0.004756103 -0.026118316 0.018211817 0.998274684 -0.055820495 -0.165659830 -0.003744571 0.055897463 0.998429477 0.079561435
0.999837518 -0.017296791 0.005069693 -0.028113738 0.017554114 0.998271227 -0.056092735 -0.172444522 -0.004090706 0.056172617 0.998412669 0.079718627
0.999828815 -0.017879499 0.004762462 -0.027562331 0.018117996 0.998270929 -0.055918507 -0.177144781 -0.003754434 0.055995222 0.998423994 0.079762727
0.999812901 -0.018869331 0.004249409 -0.026432643 0.019075967 0.998280823 -0.055421084 -0.183091208 -0.003196347 0.055491779 0.998454034 0.077566117
0.999813557 -0.018947750 0.003726485 -0.023723833 0.019114163 0.998498619 -0.051333964 -0.198188931 -0.002748229 0.051395621 0.998674572 0.074194714
0.999824345 -0.018247010 0.004279329 -0.022981081 0.018382724 0.999246955 -0.034170486 -0.210370898 -0.003652598 0.034243152 0.999406874 0.070063092
0.999834418 -0.017830862 0.003637732 -0.021528572 0.017896811 0.999659598 -0.018983018 -0.217346787 -0.003298013 0.019044977 0.999813199 0.068885207
0.999955058 -0.005480399 0.007737077 -0.019321946 0.005460446 0.999981701 0.002597644 -0.231855154 -0.007751173 -0.002555281 0.999966681 0.066574298
0.999926329 0.003347166 0.011666314 -0.019290384 -0.003411486 0.999979079 0.005497749 -0.240046367 -0.011647670 -0.005537145 0.999916852 0.066360287
0.999682486 0.019673079 0.015745243 -0.015820878 -0.019674230 0.999806464 -0.000081786 -0.259256005 -0.015743803 -0.000228016 0.999876022 0.071469970
0.999518275 0.024682047 0.018814957 -0.017248860 -0.024552878 0.999673545 -0.007065568 -0.267231852 -0.018983208 0.006600203 0.999798000 0.074350007
0.999360442 0.023181854 0.027227057 -0.021823967 -0.022744466 0.999608994 -0.016265795 -0.287856877 -0.027593482 0.015636127 0.999496937 0.081655905
0.999436259 0.009822913 0.032101989 -0.022424391 -0.009274215 0.999809146 -0.017196719 -0.308569193 -0.032264780 0.016889304 0.999336660 0.087330788
0.998435378 -0.015602523 0.053696580 -0.030167453 0.016907653 0.999570429 -0.023937834 -0.333062381 -0.053300027 0.024808267 0.998270273 0.101508051
0.995107055 -0.038287442 0.091082819 -0.037753724 0.040907681 0.998795986 -0.027076213 -0.358084112 -0.089936465 0.030669715 0.995475173 0.117002867
0.989170313 -0.060217343 0.133851916 -0.041159950 0.064141043 0.997622669 -0.025193639 -0.376158804 -0.132016629 0.033506196 0.990680993 0.131644621
0.985146999 -0.070269525 0.156676948 -0.042793307 0.075057514 0.996869445 -0.024848223 -0.386391670 -0.154440403 0.036238931 0.987337291 0.140031949
0.976644874 -0.084230676 0.197661415 -0.049372278 0.091019176 0.995522618 -0.025497457 -0.398532331 -0.194628730 0.042892940 0.979938686 0.159106970
0.968913257 -0.095357202 0.228285298 -0.056234431 0.102711864 0.994499266 -0.020527935 -0.419509828 -0.225072056 0.043337390 0.973377824 0.176010817
0.962902308 -0.101834983 0.249897912 -0.061043117 0.110464625 0.993664086 -0.020715978 -0.433187157 -0.246204972 0.047552340 0.968050480 0.192739561
0.960021675 -0.104978018 0.259495854 -0.064982302 0.113762669 0.993325770 -0.019026354 -0.442103565 -0.255766541 0.047786646 0.965556800 0.201375961
0.953525722 -0.114129625 0.278860778 -0.067996904 0.123252481 0.992256701 -0.015342824 -0.452445090 -0.274950415 0.049000055 0.960208952 0.217744753
0.944014907 -0.125294596 0.305184096 -0.073888108 0.132408082 0.991191745 -0.002635196 -0.473793387 -0.302165776 0.042896502 0.952289641 0.236575812
0.938095510 -0.130202398 0.320974231 -0.074843146 0.137813494 0.990457654 -0.001003966 -0.476834446 -0.317780614 0.045176391 0.947087348 0.244163007
0.922007263 -0.142608881 0.359951884 -0.077270061 0.149800926 0.988683879 0.007994392 -0.488887936 -0.357018769 0.046550240 0.932936609 0.267827868
0.900555074 -0.158769205 0.404713452 -0.077214643 0.166881010 0.985856593 0.015413711 -0.492813528 -0.401436657 0.053658083 0.914313674 0.287909687
0.872637868 -0.178125933 0.454724431 -0.080345802 0.184275016 0.982379854 0.031188030 -0.506038368 -0.452267438 0.056578491 0.890085936 0.313452274
0.856995046 -0.188422799 0.479641914 -0.079109684 0.194032818 0.980243444 0.038393341 -0.507573605 -0.477400005 0.060163356 0.876624048 0.326996624
0.823180199 -0.207456738 0.528522551 -0.078639299 0.213081554 0.975696921 0.051105451 -0.511153042 -0.526280046 0.070549428 0.847379565 0.350182414
0.787304997 -0.225595862 0.573809564 -0.077282324 0.232311368 0.970608652 0.062852524 -0.506960452 -0.571123719 0.083818398 0.816573441 0.377488106
0.767515898 -0.236652166 0.595747530 -0.078280985 0.240680203 0.967752516 0.074351750 -0.516135752 -0.594131708 0.086318493 0.799722910 0.394030690
0.730722606 -0.249383464 0.635493875 -0.077272832 0.253680170 0.963423848 0.086377084 -0.512986124 -0.633790851 0.098094501 0.767259240 0.425748527
0.691266418 -0.262968719 0.673051417 -0.076303527 0.264883101 0.958810329 0.102566153 -0.517480135 -0.672300398 0.107379429 0.732449293 0.458404154
0.672098339 -0.270289421 0.689367473 -0.074133247 0.272068530 0.956017733 0.109585434 -0.515237629 -0.688667238 0.113903008 0.716075182 0.472665668
0.631562293 -0.283652693 0.721574783 -0.071928874 0.277740717 0.951680303 0.131013617 -0.525760114 -0.723870933 0.117667437 0.679827392 0.503059685
0.588565946 -0.295465976 0.752522349 -0.069773853 0.288251400 0.946340740 0.146117240 -0.525668919 -0.755315244 0.130916014 0.642152607 0.540139675
0.545886397 -0.303804666 0.780839801 -0.066112682 0.297049254 0.941585124 0.158678949 -0.529886127 -0.783434629 0.145327210 0.604243457 0.577324688
0.524280488 -0.306384146 0.794517934 -0.065355673 0.302874029 0.939111769 0.162284493 -0.529775083 -0.795862556 0.155556291 0.585153878 0.597367525
0.481799960 -0.315135032 0.817654431 -0.060856283 0.318309724 0.932297349 0.171757132 -0.533017695 -0.816423774 0.177514762 0.549491405 0.635392129
0.438607633 -0.323105991 0.838585615 -0.056171507 0.330693483 0.925686359 0.183702290 -0.531914055 -0.835622668 0.196741611 0.512862086 0.676919460
0.416580111 -0.323538333 0.849578679 -0.054539070 0.333703518 0.923712194 0.188142642 -0.530915201 -0.845637500 0.205130905 0.492766172 0.697786391
0.370975375 -0.327674150 0.868911326 -0.053271860 0.343351811 0.917772233 0.199508443 -0.529618621 -0.862836540 0.224329621 0.452978373 0.739094257
0.323111653 -0.333272904 0.885735869 -0.048962429 0.355781615 0.910057604 0.212637156 -0.530543149 -0.876936853 0.246423006 0.412622690 0.785733998
0.301712751 -0.334755719 0.892697036 -0.046475649 0.363552272 0.905979991 0.216863722 -0.528081357 -0.881362021 0.259111524 0.395047069 0.802321911
0.255753219 -0.337657392 0.905857503 -0.043419674 0.374525398 0.898453116 0.229156613 -0.530109704 -0.891246796 0.280659139 0.356243640 0.841676950
0.212336570 -0.338601053 0.916658401 -0.039522730 0.384078562 0.891473711 0.240329415 -0.527306437 -0.898552656 0.301038116 0.319341928 0.874807656
0.188004315 -0.344892681 0.919621348 -0.044944897 0.383034408 0.887926161 0.254699528 -0.539420784 -0.904399812 0.304362088 0.299039692 0.894112408
0.147263750 -0.354725242 0.923300326 -0.045086872 0.382274210 0.881353259 0.277637959 -0.539055228 -0.912239015 0.312067896 0.265393674 0.924581468
0.109974705 -0.363917083 0.924916208 -0.046157613 0.375703007 0.876740158 0.300289810 -0.535995841 -0.920191765 0.314469486 0.233144015 0.952302694
0.096182555 -0.368945807 0.924460888 -0.045692157 0.372891992 0.874485433 0.310204566 -0.536570013 -0.922876239 0.314887792 0.221687198 0.963296533
0.074436471 -0.370851487 0.925704300 -0.046080444 0.369238377 0.872552574 0.319867373 -0.535556138 -0.926348925 0.317995757 0.201882318 0.992805004
0.061169028 -0.366167068 0.928536534 -0.043614723 0.369222492 0.872590601 0.319781691 -0.535551727 -0.927325726 0.323275805 0.188572675 1.019779563
0.056757569 -0.363329172 0.929930329 -0.042265993 0.370161086 0.872706056 0.318378806 -0.536654830 -0.927232087 0.326153696 0.184022978 1.034650564
0.053321995 -0.364719570 0.929589391 -0.040113270 0.373166740 0.870747149 0.320228010 -0.533872128 -0.926230729 0.329816639 0.182531193 1.056722641
0.052879781 -0.372595787 0.926485896 -0.037582651 0.375538349 0.867098570 0.327278405 -0.530373216 -0.925297081 0.330624580 0.185776025 1.085343719
0.053027622 -0.377275437 0.924581707 -0.034357864 0.378899962 0.864247382 0.330924988 -0.531377494 -0.923917174 0.332775742 0.188778639 1.099874258
0.057371877 -0.383333087 0.921826541 -0.030231573 0.393564224 0.857257843 0.331988424 -0.530973017 -0.917505085 0.343751132 0.200048640 1.122543454
0.059685871 -0.386634886 0.920299470 -0.023566466 0.402192682 0.853112876 0.332324475 -0.531495690 -0.913607538 0.350302547 0.206420481 1.133491635
0.066052683 -0.382200688 0.921715677 -0.013977926 0.404530704 0.854671419 0.325410187 -0.526108861 -0.912135959 0.351368040 0.211065248 1.151925802
0.073186398 -0.376862645 0.923373282 0.000315934 0.388695896 0.863422096 0.321586370 -0.524724066 -0.918454766 0.335375637 0.209675729 1.167189956
0.078159347 -0.373387486 0.924377084 0.007009305 0.381244719 0.867931306 0.318351567 -0.525643051 -0.921164274 0.327531666 0.210188955 1.171212673
0.085628949 -0.364564925 0.927232504 0.025246933 0.366288871 0.876994908 0.310986340 -0.521796763 -0.926552892 0.313005477 0.208632201 1.186498284
0.091725931 -0.357871801 0.929254591 0.039637446 0.359126002 0.882276297 0.304330587 -0.518257320 -0.928770602 0.305804491 0.209448725 1.196179628
0.089585133 -0.355100572 0.930525720 0.048006475 0.356053144 0.883960187 0.303052008 -0.518174291 -0.930161655 0.304167688 0.205624372 1.202205300
0.073798627 -0.345096081 0.935661495 0.064759120 0.359230310 0.884436369 0.297869205 -0.516988873 -0.930326521 0.314135641 0.189239159 1.213460445
0.042078152 -0.330707699 0.942794740 0.082219601 0.371771872 0.881052971 0.292457581 -0.520527482 -0.927369952 0.338198453 0.160020903 1.219366550
0.022169888 -0.324237645 0.945715904 0.092553288 0.378111601 0.878404617 0.292296231 -0.521124423 -0.925494492 0.351105988 0.142072171 1.220328450
-0.025856972 -0.318859845 0.947449088 0.103247032 0.378620327 0.874033868 0.304485321 -0.521879673 -0.925190806 0.366596520 0.098127022 1.231985331
-0.069810942 -0.331421465 0.940896571 0.112395167 0.383671731 0.861725688 0.332001299 -0.530661225 -0.920827031 0.384172827 0.066999182 1.234365702
-0.087585941 -0.338192672 0.936992288 0.114284553 0.389907449 0.853922606 0.344656825 -0.532748640 -0.916679263 0.395527333 0.057072222 1.236325622
-0.114776760 -0.358822316 0.926322222 0.115727201 0.396299094 0.838529587 0.373918593 -0.555154920 -0.910918951 0.410017848 0.045957267 1.231681705
-0.131659374 -0.370381832 0.919501603 0.122079015 0.399993539 0.828861296 0.391144603 -0.582066715 -0.907012105 0.419292539 0.039022952 1.222147703
-0.137716845 -0.372702748 0.917674661 0.122909173 0.401608288 0.825911105 0.395704031 -0.602971792 -0.905397594 0.423040897 0.035938695 1.216785550
-0.145382658 -0.377022326 0.914722979 0.131770819 0.406619906 0.820085227 0.402642012 -0.642083228 -0.901955724 0.430481732 0.034078628 1.190379381
-0.150793090 -0.377149284 0.913794279 0.142904937 0.404231668 0.820028126 0.405155063 -0.676044047 -0.902140856 0.430479169 0.028801143 1.164976716
-0.153427467 -0.373480320 0.914861917 0.144345865 0.402567267 0.821888089 0.403037786 -0.686553180 -0.902440906 0.430130601 0.024250746 1.153460622
-0.156255916 -0.376260340 0.913242698 0.156021029 0.382171154 0.829553068 0.407169342 -0.715001702 -0.910785019 0.412637681 0.014173329 1.128223300
-0.156382784 -0.379779875 0.911763012 0.161953285 0.372126967 0.832440615 0.410565615 -0.725673378 -0.914913058 0.403496921 0.011146992 1.113564372
-0.156134963 -0.381810963 0.910956800 0.171632558 0.354482800 0.839168072 0.412479162 -0.740631342 -0.921934783 0.387320995 0.004321933 1.083963275
-0.156728089 -0.383931428 0.909963250 0.187931940 0.354950786 0.837894619 0.414659441 -0.756958365 -0.921654105 0.387980908 0.004955143 1.052221179
-0.159625888 -0.385003805 0.909005821 0.196163520 0.360023737 0.834687710 0.416748703 -0.766445518 -0.919185758 0.393787503 0.005372763 1.041809201
-0.159341127 -0.386940569 0.908233106 0.213966161 0.361263573 0.833321810 0.418405920 -0.782009482 -0.918748558 0.394780874 0.007005125 1.013261557
-0.160230577 -0.384181857 0.909247220 0.226140469 0.358735472 0.835496783 0.416237891 -0.785036564 -0.919584095 0.392873257 0.003947526 1.003083706
-0.160798520 -0.383606821 0.909389734 0.248700276 0.353656262 0.837805331 0.415944099 -0.801766634 -0.921450555 0.388494551 0.000947087 0.977072716
-0.162493616 -0.381056219 0.910160422 0.275190413 0.347262621 0.841320217 0.414232790 -0.812686145 -0.923582494 0.383374840 -0.004382596 0.952338755
-0.173329458 -0.370602787 0.912474990 0.304803163 0.347827971 0.843757629 0.408764958 -0.821487069 -0.921397150 0.388235301 -0.017342024 0.925200403
-0.184095383 -0.359808177 0.914684057 0.319369823 0.347194642 0.846794963 0.402981460 -0.825282633 -0.919545949 0.391760468 -0.030967599 0.914931476
-0.210347474 -0.353488356 0.911482394 0.348911971 0.342212975 0.846732080 0.407351315 -0.832212090 -0.915775299 0.397606432 -0.057139631 0.893079460
-0.232564256 -0.365253597 0.901389897 0.375981390 0.337143779 0.839059412 0.426981717 -0.833275795 -0.912276328 0.403198630 -0.071992278 0.872929752
-0.241661012 -0.370875597 0.896689117 0.389155507 0.333801031 0.835909486 0.435697436 -0.836125791 -0.911140382 0.404606879 -0.078208111 0.863251030
-0.256983578 -0.376313806 0.890139043 0.419420511 0.327758819 0.832545459 0.446589768 -0.839296699 -0.909138978 0.406517178 -0.090610303 0.845145822
-0.269593418 -0.371549577 0.888408899 0.451018304 0.321158528 0.835057676 0.446694672 -0.845968604 -0.907841802 0.405746073 -0.105799742 0.832788408
-0.274699241 -0.363321066 0.890246093 0.468513191 0.319859415 0.838605344 0.440943331 -0.849331439 -0.906769216 0.405880362 -0.114152610 0.826786280
-0.282476574 -0.350006402 0.893142045 0.503029823 0.320348978 0.843190074 0.431748837 -0.859510779 -0.904203236 0.408076108 -0.126057252 0.815146327
-0.286371142 -0.342789710 0.894699395 0.538776636 0.326223999 0.843128920 0.427447617 -0.867916346 -0.900871515 0.414280981 -0.129621610 0.805781007
-0.288042217 -0.339404076 0.895453274 0.553926647 0.335427999 0.840085149 0.426315635 -0.872520506 -0.896950305 0.423157007 -0.128134355 0.799414754
-0.300764084 -0.333043754 0.893657029 0.584556818 0.350404978 0.832913160 0.428336322 -0.883566260 -0.886993468 0.441970050 -0.133810163 0.792458653
-0.312755287 -0.333433688 0.889385283 0.604828715 0.356780559 0.826551139 0.435339928 -0.892545044 -0.880279422 0.453470230 -0.139545590 0.787187934
-0.343574315 -0.327850848 0.880040169 0.633919060 0.364469439 0.817086458 0.446689636 -0.902283430 -0.865516543 0.474218726 -0.161238343 0.773855090
-0.382647276 -0.319143802 0.867022693 0.660247922 0.361326456 0.812004507 0.458357871 -0.911540031 -0.850308478 0.488667637 -0.195396200 0.751628697
-0.405634820 -0.314469516 0.858236194 0.677143395 0.353094816 0.812152624 0.464469731 -0.917082191 -0.843080401 0.491443843 -0.218399867 0.745088220
-0.453671545 -0.303241879 0.837989569 0.693841219 0.335590482 0.812973082 0.475871563 -0.930999815 -0.825567186 0.497110665 -0.267057717 0.718693733
-0.505305171 -0.289665759 0.812871695 0.715245605 0.319190264 0.812431455 0.487926990 -0.937950850 -0.801738262 0.506012857 -0.318067372 0.696382105
-0.546118081 -0.280189276 0.789461136 0.733454406 0.308297992 0.809040010 0.500406444 -0.945683002 -0.778914213 0.516670406 -0.355449617 0.673090398
-0.561189830 -0.278782904 0.779324114 0.740093052 0.303392678 0.806745470 0.507064700 -0.948616982 -0.770077050 0.521000803 -0.368156761 0.661137700
-0.584367335 -0.277816713 0.762451708 0.751233578 0.292665422 0.804185808 0.517331660 -0.941964507 -0.756876409 0.525455058 -0.388632596 0.646012723
-0.598332345 -0.276618540 0.751984417 0.761891365 0.289181560 0.800707340 0.524634838 -0.924997747 -0.747243166 0.531366050 -0.399096131 0.634816647
-0.602871716 -0.275157005 0.748888791 0.766367137 0.289266407 0.799398124 0.526580989 -0.918557405 -0.743552625 0.534089267 -0.402340800 0.632426620
-0.607246041 -0.271815300 0.746571243 0.773759842 0.291597545 0.797837973 0.527660370 -0.904835284 -0.739069045 0.538118064 -0.405223310 0.619560242
-0.607680082 -0.270142674 0.746825099 0.776092887 0.294947624 0.796347201 0.528050244 -0.907664180 -0.737381041 0.541160047 -0.404246420 0.608995080
-0.607384801 -0.270034015 0.747104704 0.779561877 0.295548230 0.796136320 0.528032303 -0.910834908 -0.737383842 0.541524231 -0.403753012 0.591756463
-0.606837392 -0.275238723 0.745648682 0.780377746 0.290220112 0.796624184 0.530247271 -0.917448699 -0.739946365 0.538176179 -0.403541535 0.581079602
-0.606324911 -0.283838689 0.742836237 0.780037940 0.280076265 0.798052847 0.533543646 -0.922802925 -0.744262993 0.531551659 -0.404382885 0.560872436
-0.612298012 -0.289645553 0.735660732 0.773963034 0.266802430 0.800199926 0.537118614 -0.909388244 -0.744249701 0.525152743 -0.412682772 0.543457568
-0.618708253 -0.292262346 0.729234397 0.769889593 0.261864156 0.798424602 0.542167246 -0.904929519 -0.740693748 0.526403725 -0.417459011 0.538554907
-0.635602832 -0.294406652 0.713676274 0.771620989 0.252205580 0.794527769 0.552374959 -0.877329826 -0.729658365 0.531084239 -0.430753112 0.529608428
-0.644253075 -0.295223057 0.705536187 0.769538283 0.245580673 0.793792486 0.556402326 -0.859413683 -0.724312007 0.531730115 -0.438902229 0.527532637
-0.660069108 -0.296513200 0.690209210 0.767415524 0.234501779 0.791555285 0.564312935 -0.828276753 -0.713664889 0.534340978 -0.452948391 0.523573160
-0.669202209 -0.297402203 0.680970132 0.767292440 0.227268040 0.790585518 0.568615615 -0.810861468 -0.707472622 0.535281658 -0.461471617 0.522077918
-0.691643596 -0.293958753 0.659710050 0.765581012 0.217184603 0.786494315 0.578149855 -0.777619421 -0.688810527 0.543152511 -0.480130553 0.518383741
-0.704170465 -0.292019486 0.647200465 0.765417457 0.212237060 0.783268690 0.584333479 -0.762216806 -0.677568614 0.548830330 -0.489577413 0.518226266
-0.730649233 -0.284482092 0.620662212 0.770488501 0.204521075 0.776117921 0.596499801 -0.721368194 -0.651400566 0.562770665 -0.508887470 0.517214775
-0.753395200 -0.280737370 0.594627738 0.776513100 0.194584548 0.768603146 0.609414458 -0.680493176 -0.628118217 0.574835420 -0.524434805 0.523145974
-0.761988521 -0.277154863 0.585285068 0.781307280 0.193850726 0.764726758 0.614503622 -0.659377933 -0.617895901 0.581702769 -0.528986454 0.524783313
-0.771322489 -0.272690088 0.575066686 0.791878045 0.190509915 0.763207436 0.617430389 -0.618183792 -0.607262373 0.585793853 -0.536728919 0.526164234
-0.773960471 -0.270608366 0.572499931 0.798616111 0.190146610 0.763050616 0.617736220 -0.609184146 -0.604010999 0.586962402 -0.539115787 0.527368784
-0.773606539 -0.265997946 0.575133026 0.816856027 0.196988612 0.761703730 0.617254376 -0.584543586 -0.602269292 0.590806663 -0.536860466 0.520661533
-0.769071281 -0.266948342 0.580747724 0.835575461 0.199984208 0.762486398 0.615321636 -0.575987577 -0.607071340 0.589366674 -0.533020973 0.515321851
-0.764850795 -0.267643273 0.585978031 0.848170519 0.199481219 0.766505480 0.610472381 -0.570914090 -0.612544239 0.583811939 -0.532872558 0.509019852
-0.755353093 -0.276108295 0.594311237 0.870686889 0.200155705 0.766361177 0.610432684 -0.579671085 -0.624002576 0.580047071 -0.523608804 0.494216204
-0.750472546 -0.281245500 0.598073363 0.885118604 0.202682182 0.763390183 0.613315105 -0.581979990 -0.629055440 0.581495106 -0.515899897 0.485011607
-0.741739988 -0.288691819 0.605374873 0.913769126 0.209364548 0.757846475 0.617928147 -0.587972641 -0.637172043 0.585086107 -0.501683235 0.466675848
-0.736808777 -0.292189956 0.609703064 0.944630563 0.220257834 0.748861194 0.625054598 -0.597199261 -0.639217675 0.594837546 -0.487410456 0.453261703
-0.734939098 -0.290604413 0.612709999 0.962673485 0.223894596 0.748874366 0.623745501 -0.601642311 -0.640105903 0.595597565 -0.485312313 0.443790168
-0.733537197 -0.281558126 0.618585706 0.995579898 0.228064507 0.755410314 0.614281535 -0.603358567 -0.640241921 0.591675878 -0.489908159 0.427109152
-0.734068573 -0.277148962 0.619944930 1.018298984 0.231831565 0.755798161 0.612391353 -0.599467397 -0.638276994 0.593260050 -0.490555793 0.415247381
-0.735511839 -0.269611955 0.621555865 1.057889581 0.227423877 0.765929759 0.601356745 -0.596894801 -0.638201237 0.583661616 -0.502034187 0.396394819
-0.737735212 -0.259649038 0.623160601 1.099297762 0.232355922 0.769019127 0.595500171 -0.593346238 -0.633843422 0.584116518 -0.507001460 0.375583470
-0.739327550 -0.257816941 0.622033119 1.120016932 0.233882189 0.767950952 0.596280634 -0.590943754 -0.631422102 0.586329281 -0.507468522 0.366339386
-0.745078564 -0.241976529 0.621534705 1.161806583 0.245185792 0.767251492 0.592628956 -0.589892566 -0.620275855 0.593946636 -0.512333393 0.345877618
-0.752654314 -0.219219580 0.620849669 1.204816818 0.262968808 0.764384031 0.588697255 -0.579842687 -0.603621662 0.606349707 -0.517669022 0.329954505
-0.756446540 -0.208584279 0.619904160 1.224115491 0.271206230 0.762435257 0.587485909 -0.576497674 -0.595177174 0.612523615 -0.520172119 0.318879008
-0.766730905 -0.192926705 0.612293303 1.262404084 0.277873516 0.760060370 0.587447524 -0.567721725 -0.578714192 0.620554209 -0.529152572 0.300315142
-0.771447778 -0.188376725 0.607768416 1.277418137 0.278438091 0.758921683 0.588651121 -0.557061672 -0.572136819 0.623339534 -0.533017099 0.285465240
-0.783534884 -0.182722837 0.593873382 1.305083871 0.273566812 0.756711185 0.593758821 -0.544486582 -0.557883799 0.627694786 -0.542922616 0.266064048
-0.795386434 -0.185246006 0.577100039 1.325769067 0.263355494 0.751943231 0.604338765 -0.521784425 -0.545897782 0.632665217 -0.549299955 0.240067750
-0.802010596 -0.185729802 0.567700207 1.336379528 0.259460151 0.747752547 0.611184716 -0.513058007 -0.538014531 0.637472093 -0.551515937 0.226137877
-0.814165592 -0.181708485 0.551467478 1.352815270 0.255565822 0.740674138 0.621359766 -0.492441535 -0.521364152 0.646826029 -0.556593001 0.196862578
-0.824247837 -0.182793155 0.535912454 1.367350698 0.245319441 0.737734914 0.628940105 -0.464809537 -0.510327339 0.649872303 -0.563233614 0.166570917
-0.828146219 -0.188036978 0.528030336 1.369949460 0.234861046 0.738952994 0.631497264 -0.453717768 -0.508934438 0.646985948 -0.567798495 0.150038242
-0.833403468 -0.213310659 0.509840369 1.379590750 0.199034870 0.744767725 0.636950672 -0.426292241 -0.515581191 0.632312953 -0.578235745 0.112983346
-0.834970713 -0.218707502 0.504966259 1.382676363 0.191237926 0.745112360 0.638932943 -0.411336005 -0.515996158 0.630059242 -0.580321908 0.091878921
-0.836537182 -0.228112370 0.498166919 1.392878532 0.179189444 0.745314062 0.642182231 -0.379857421 -0.517780602 0.626475632 -0.582607627 0.052749693
-0.831282437 -0.233805880 0.504285872 1.407873631 0.180153817 0.744935393 0.642351806 -0.350054830 -0.525846064 0.624824941 -0.577130675 0.015939474
-0.824631214 -0.238845050 0.512773097 1.415183663 0.182246789 0.745974004 0.640553474 -0.334231675 -0.535508513 0.621671855 -0.571624756 -0.003505349
-0.804726660 -0.253308028 0.536889195 1.432608724 0.188916743 0.748103738 0.636122048 -0.300979882 -0.562783718 0.613331795 -0.554164886 -0.040298909
-0.777286708 -0.271768630 0.567421496 1.454596519 0.196193084 0.752214372 0.629032433 -0.271921605 -0.597773969 0.600262880 -0.531367064 -0.077403963
-0.760297120 -0.284129143 0.584139526 1.466871977 0.200386912 0.752813399 0.626990378 -0.257798880 -0.617894411 0.593753040 -0.515426159 -0.098038852
-0.721596122 -0.291211963 0.628088117 1.494105220 0.217582151 0.765866220 0.605067670 -0.229126453 -0.657234490 0.573275387 -0.489283562 -0.138050109
-0.675524712 -0.292510003 0.676833987 1.525523663 0.227346733 0.790589154 0.568579018 -0.207601070 -0.701412737 0.537965298 -0.467561424 -0.177681893
-0.650734663 -0.295711428 0.699356258 1.540333748 0.230837911 0.800407350 0.553228498 -0.200305998 -0.723365903 0.521443009 -0.452591360 -0.196957409
-0.597600222 -0.299967378 0.743568182 1.573405981 0.237080485 0.819804013 0.521261990 -0.180154383 -0.765941858 0.487791806 -0.418798625 -0.232165158
-0.570497990 -0.305536449 0.762351334 1.589150667 0.242881849 0.823944569 0.511980176 -0.174393773 -0.784563899 0.477244973 -0.395849526 -0.250192434
-0.517340720 -0.318515629 0.794296145 1.626670599 0.264329970 0.823295891 0.502308071 -0.168720424 -0.813933849 0.469820827 -0.341731369 -0.282212645
-0.491620868 -0.318201989 0.810590148 1.641876101 0.279824048 0.823752820 0.493081689 -0.171964884 -0.824625671 0.469231963 -0.315933585 -0.297276527
-0.440261990 -0.320592850 0.838683188 1.676647186 0.308577001 0.823158860 0.476644248 -0.200330019 -0.843178272 0.468646705 -0.263478041 -0.337786704
-0.391019821 -0.325226009 0.861006141 1.708565712 0.328753024 0.824420989 0.460707575 -0.222171545 -0.859665692 0.463204116 -0.215445906 -0.370282590
-0.343695104 -0.322566628 0.881943464 1.740251899 0.340896845 0.832235277 0.437234163 -0.241777122 -0.875021756 0.450927019 -0.176073283 -0.399743497
-0.297869027 -0.312714934 0.901933134 1.769833565 0.350416452 0.843044639 0.408024430 -0.264706194 -0.887965322 0.437590033 -0.141536430 -0.432451606
-0.276655734 -0.307106137 0.910575271 1.783180475 0.352851123 0.848907411 0.393512607 -0.271549225 -0.893844366 0.430165023 -0.126492351 -0.443752468
-0.235836163 -0.313148797 0.919956028 1.811061621 0.358584553 0.851813316 0.381878495 -0.293350458 -0.903215587 0.419942826 -0.088598117 -0.472694457
-0.197806209 -0.327412665 0.923944592 1.828417540 0.362181425 0.851459026 0.379265249 -0.311243236 -0.910877287 0.409656554 -0.049841121 -0.500692427
-0.177850619 -0.333427310 0.925848484 1.834366083 0.363220543 0.852169812 0.376666039 -0.320637345 -0.914570868 0.403277487 -0.030451328 -0.518528819
-0.140423417 -0.344752640 0.928130746 1.851460099 0.365198314 0.853284299 0.372204363 -0.342254460 -0.920277953 0.391217977 0.006081998 -0.549496472
-0.102411330 -0.353816479 0.929691136 1.867087722 0.367595196 0.854988754 0.365879506 -0.365451932 -0.924329877 0.379220247 0.042500719 -0.577993929
-0.081527114 -0.355441421 0.931136191 1.876377463 0.368567050 0.857267737 0.359514028 -0.374891996 -0.926019251 0.372496307 0.061113402 -0.596171439
-0.039742559 -0.351861924 0.935207844 1.890413284 0.368727088 0.864725590 0.341013074 -0.377758920 -0.928687692 0.358389199 0.095374599 -0.612145662
0.006139249 -0.343426347 0.939159513 1.899882793 0.373041481 0.872166336 0.316489995 -0.381079465 -0.927794397 0.348402411 0.133466750 -0.636582971
0.028994501 -0.336885393 0.941099107 1.905921817 0.374869883 0.876443386 0.302191108 -0.373541087 -0.926623881 0.344027907 0.151700243 -0.644975126
0.075697988 -0.327874362 0.941683650 1.917692542 0.378962457 0.882990360 0.276975363 -0.349497437 -0.922310770 0.335896313 0.191092700 -0.662316501
0.121452153 -0.324186116 0.938164532 1.923793554 0.378599763 0.888837337 0.258128405 -0.325822830 -0.917557359 0.323838592 0.230688050 -0.672897100
0.145348459 -0.320797682 0.935928702 1.925771236 0.375146419 0.893204272 0.247893661 -0.304874659 -0.915499270 0.315079331 0.250171959 -0.680386186
